36,58 94,40 76,57 31,51 71,11 34,64 64,96 97,40 100,45 63,2 
79,91 25,81 79,78 23,13 74,26 84,79 24,99 69,96 7,2 34,30 
98,88 56,98 99,86 9,25 51,67 64,12 7,32 55,71 21,23 33,88 
17,9 29,81 34,37 97,21 14,99 51,5 67,98 33,88 6,62 32,79 
48,16 62,53 83,66 43,34 9,35 77,55 48,30 96,91 35,21 78,55 
63,47 43,18 50,86 42,9 84,57 19,50 38,46 57,75 68,3 90,73 
13,57 97,2 6,98 73,40 54,50 17,25 87,65 41,64 86,75 99,90 
8,38 39,1 79,18 73,73 92,47 59,35 73,51 97,59 60,7 63,1 
79,41 70,14 91,92 47,34 97,98 7,49 49,68 84,20 48,76 10,67 
71,5 91,76 23,35 98,40 40,6 100,7 91,21 5,56 88,14 47,97 
