19,48 33,36 7,81 92,46 91,64 28,12 52,24 32,50 40,44 33,6 
82,90 89,93 14,54 99,62 54,5 64,95 60,53 100,21 74,88 1,29 
84,49 54,36 85,54 100,20 14,25 52,58 8,20 73,70 99,80 59,64 
7,8 28,70 93,79 21,91 27,9 27,10 25,89 8,94 12,30 59,96 
49,46 65,52 25,61 17,13 22,91 59,89 22,31 68,15 58,58 41,80 
37,23 66,30 53,8 60,57 93,85 35,96 83,39 97,39 53,54 28,82 
19,22 12,54 55,69 39,48 3,37 16,24 8,54 22,56 87,7 14,20 
48,89 48,38 38,61 82,32 74,4 94,68 36,74 61,90 5,52 63,11 
41,56 7,35 43,68 57,42 96,97 9,36 26,5 66,46 90,86 68,97 
8,100 49,58 9,57 99,87 95,24 6,99 37,50 10,8 29,12 73,9 
