56 86 40 1 32 19 90 44 82 7 56 20 27 95 42 23 20 83 44 50 72 90 90 19 85 54 88 61 55 82 18 13 99 39 94 3 16 13 1 58 94 55 59 15 86 30 62 9 9 52 25 65 54 5 86 3 56 44 47 73 42 13 71 17 79 69 13 44 27 30 38 65 34 7 87 3 50 66 13 25 69 29 86 14 10 53 60 2 79 75 80 24 11 59 34 65 58 63 99 60 
35 94 64 29 94 93 85 83 36 13 10 43 52 93 6 53 95 62 35 33 56 13 43 90 81 99 91 95 71 83 94 10 87 92 17 34 29 67 76 72 61 83 86 11 59 95 13 89 42 56 62 29 26 62 24 66 61 60 41 78 65 95 75 68 87 76 100 4 80 61 50 42 12 19 64 100 50 56 42 49 2 17 76 16 47 83 88 64 82 12 32 30 68 26 84 57 3 79 1 43 
26 80 64 74 26 47 55 80 70 82 28 64 20 67 77 16 11 50 46 29 47 81 20 49 82 47 76 97 3 65 32 1 56 11 79 41 16 52 82 18 6 8 16 86 26 80 31 80 78 21 47 88 9 92 52 74 99 77 95 83 12 99 95 70 66 58 16 18 1 87 22 98 68 67 98 27 59 11 97 43 38 39 2 20 72 27 82 74 48 12 76 83 93 44 72 94 89 8 33 8 
76 93 85 73 93 86 82 19 12 61 87 97 99 57 23 48 19 27 100 53 56 85 67 67 61 83 44 17 34 17 40 8 100 57 8 34 75 100 73 9 2 58 36 4 96 86 96 60 63 96 93 90 48 46 84 59 12 65 30 47 72 21 22 87 10 90 75 14 21 96 87 66 69 65 12 17 31 71 71 56 26 49 32 100 58 64 82 10 80 78 54 50 24 74 1 93 62 25 69 3 
30 86 95 24 90 17 43 41 29 91 88 16 38 72 79 15 77 63 58 3 25 42 36 64 93 11 19 85 95 51 43 6 100 96 79 45 32 77 70 9 30 84 15 96 67 18 26 99 17 77 78 76 39 36 6 43 8 34 37 96 17 62 15 6 55 85 24 7 19 23 25 87 95 95 19 47 70 18 50 84 6 27 24 75 77 38 51 23 99 25 78 8 26 34 94 69 7 90 27 18 
30 55 36 5 50 50 62 62 69 20 1 26 3 33 71 31 19 4 72 14 97 82 74 64 46 33 23 68 25 94 42 56 16 30 55 8 38 61 20 42 55 60 11 97 45 39 88 59 52 57 84 18 59 83 51 2 91 36 56 23 53 19 35 32 50 21 12 39 14 45 23 98 12 49 28 90 10 74 63 86 77 16 27 70 12 72 39 7 55 89 51 83 28 45 78 75 95 2 93 41 
49 75 29 62 74 87 78 56 14 30 53 2 43 35 9 2 34 72 100 97 28 84 98 21 46 51 59 55 3 54 43 87 74 57 19 41 96 5 48 69 24 67 62 36 8 83 71 42 47 22 83 32 34 59 58 54 34 89 20 12 31 2 97 36 34 27 10 80 62 32 96 5 3 49 37 57 17 32 80 24 42 36 13 44 97 28 45 97 60 71 21 24 91 75 32 8 80 79 7 61 
7 83 87 57 82 93 97 1 15 84 40 34 32 97 90 94 26 34 16 30 60 92 28 98 20 84 45 94 78 10 65 22 73 72 53 70 43 57 84 21 79 17 43 73 20 63 25 57 39 28 97 2 96 72 25 78 72 41 57 83 45 99 88 1 83 59 74 1 45 41 34 66 74 55 23 55 2 7 95 27 92 67 27 49 35 23 54 92 45 83 43 15 13 4 48 7 45 9 94 4 
65 18 83 79 40 67 57 17 92 81 26 53 50 47 36 47 52 46 75 5 22 37 84 61 11 89 28 15 78 86 52 42 62 93 90 24 98 84 77 65 65 96 99 92 74 54 38 80 65 45 56 18 45 3 47 29 81 71 88 88 65 68 42 23 73 83 85 40 81 51 9 42 36 44 81 94 38 42 54 42 86 75 86 77 8 63 87 92 12 97 68 16 28 85 98 58 30 22 49 13 
100 95 43 15 59 28 85 12 66 34 59 60 3 6 13 10 79 15 75 43 2 43 97 93 35 85 6 48 3 90 12 81 19 23 24 96 49 27 46 27 96 53 57 39 83 20 5 95 46 29 57 73 44 39 44 7 19 29 36 98 67 75 79 59 67 44 64 84 29 83 34 16 74 72 74 39 6 27 41 46 89 38 24 80 38 15 88 64 38 98 3 47 95 47 80 89 72 14 87 29 
8 13 81 25 63 95 86 70 19 12 22 27 72 41 24 89 27 84 4 30 48 41 53 32 74 70 47 18 17 8 95 25 81 46 41 80 86 54 62 17 12 99 9 94 69 38 85 19 58 33 93 2 6 35 70 74 52 27 12 97 26 18 57 30 45 85 69 24 90 46 36 89 28 47 88 52 5 93 71 50 71 53 17 3 94 80 16 85 100 83 34 12 69 75 26 2 57 95 29 65 
34 76 8 88 94 66 54 51 31 14 60 37 7 87 75 1 79 10 83 9 11 57 51 28 99 90 80 72 2 16 26 69 8 42 63 11 69 67 29 95 14 62 47 33 45 3 94 58 80 36 87 79 11 38 52 74 8 34 89 31 96 97 64 59 64 34 21 74 34 22 97 83 66 89 74 47 66 98 48 95 78 9 69 3 6 9 80 35 10 29 6 51 5 61 25 53 91 64 8 57 
89 62 66 73 81 92 84 23 38 20 4 88 39 14 37 75 49 3 56 87 50 70 83 22 100 93 76 19 97 17 51 77 86 96 59 68 15 2 97 43 25 15 88 92 67 82 22 12 33 89 33 40 38 73 9 25 25 47 3 56 26 30 6 88 87 52 25 32 71 88 15 56 27 9 85 82 81 31 64 12 7 73 67 23 8 48 81 18 1 91 67 7 97 95 1 6 40 47 77 31 
31 97 52 35 41 99 51 23 18 34 21 43 20 31 17 78 96 90 93 58 46 63 84 86 70 85 8 52 87 82 55 92 94 8 86 54 45 85 64 68 58 5 7 49 87 65 77 89 57 8 52 38 25 60 33 37 35 11 44 30 91 55 16 93 49 18 37 94 10 17 88 75 78 16 46 92 85 85 20 34 90 65 19 57 27 51 88 20 26 94 91 21 95 10 44 81 71 51 74 72 
39 67 72 54 29 41 63 5 68 11 76 60 1 54 74 13 60 13 75 12 60 73 42 10 99 5 89 4 44 92 38 93 27 32 63 36 36 15 89 85 10 8 32 85 87 94 10 16 75 96 52 46 2 29 76 31 69 1 34 82 2 47 1 33 46 60 56 68 26 29 1 98 74 42 59 25 39 48 48 33 17 5 17 64 56 40 55 44 63 86 74 88 5 26 42 42 58 95 62 33 
83 44 75 20 1 56 60 43 81 74 76 54 100 19 42 2 77 60 44 27 86 14 38 69 29 52 52 73 50 56 1 96 21 29 79 91 33 84 46 27 26 95 17 84 2 20 24 97 14 19 63 6 77 77 22 81 94 95 59 35 99 32 19 74 86 33 74 6 54 73 39 92 60 93 21 58 92 64 72 18 70 51 52 98 5 96 53 52 3 33 87 78 52 15 38 29 88 66 58 24 
53 47 96 2 46 36 80 86 77 62 11 25 96 50 78 87 5 39 79 74 18 33 31 89 46 39 21 91 46 21 19 3 24 82 56 29 66 19 67 19 77 93 15 52 3 43 47 21 31 69 79 14 50 64 62 28 34 64 67 98 73 14 21 63 77 16 23 20 71 41 7 39 26 45 65 14 1 99 61 36 39 5 2 54 87 25 53 81 58 69 31 74 70 46 18 67 87 76 58 7 
68 96 63 79 90 72 25 39 66 50 82 3 86 23 32 53 34 12 38 36 26 82 68 16 58 96 84 36 56 39 11 27 30 98 56 62 22 86 56 25 28 50 37 100 69 69 71 39 87 95 84 93 28 25 1 20 29 34 75 84 9 8 70 75 24 27 3 68 34 64 45 24 86 47 33 16 70 6 58 21 27 31 1 88 70 92 17 20 24 65 15 75 11 22 33 83 74 1 86 29 
94 92 58 49 46 92 11 66 47 81 5 27 41 98 66 51 39 49 85 66 32 91 3 15 9 83 13 17 44 71 43 44 52 21 29 6 89 62 13 44 29 17 55 69 70 51 78 84 86 54 3 11 21 3 49 56 99 17 61 6 43 45 78 19 88 57 59 53 56 15 83 97 54 34 80 31 76 10 39 65 39 14 62 35 86 94 36 37 23 48 18 93 61 31 13 36 88 72 54 80 
67 66 89 20 19 91 83 83 42 68 51 79 39 52 44 92 30 4 2 40 81 12 86 11 28 14 45 46 38 43 79 18 57 93 66 81 63 55 44 20 89 22 54 71 2 14 42 74 64 80 51 81 77 81 38 82 93 45 39 83 54 14 38 73 44 63 95 68 72 95 80 26 24 37 71 25 4 88 1 13 32 71 88 14 84 24 32 49 39 71 48 8 27 80 86 79 15 84 96 63 
8 98 32 62 11 25 92 69 94 55 90 95 68 39 79 74 42 84 71 20 10 76 51 74 98 4 54 88 42 83 52 41 64 17 80 80 66 60 76 8 30 68 94 10 69 4 36 31 70 87 72 50 73 52 18 21 56 50 12 69 24 11 55 92 46 32 81 62 76 5 80 69 39 45 36 17 100 3 25 81 10 72 69 40 99 2 3 91 64 49 46 47 46 69 80 67 77 54 29 85 
50 78 9 92 7 99 19 44 16 88 3 51 98 46 42 63 74 54 62 68 7 83 67 55 74 61 82 56 26 33 46 7 83 31 1 25 86 84 95 5 21 36 77 42 52 65 59 16 29 11 89 47 65 98 43 24 68 72 16 84 67 8 96 81 58 63 27 58 33 74 61 44 39 90 90 81 94 42 59 96 3 23 87 29 12 42 56 83 19 70 88 30 53 72 18 99 63 49 18 79 
71 57 78 9 21 26 28 16 89 77 51 1 20 85 57 30 41 28 80 95 16 36 26 82 29 70 94 48 38 4 22 47 76 66 13 44 67 43 59 17 14 10 37 58 3 53 12 31 14 18 94 15 35 15 75 7 54 12 35 4 46 66 81 3 88 22 11 10 84 76 89 20 52 8 64 70 4 96 24 39 32 40 7 70 56 94 24 48 62 18 93 44 67 4 36 95 44 16 89 29 
56 41 49 82 8 64 100 97 63 66 83 83 38 19 21 71 97 6 50 49 41 90 2 86 23 50 51 36 48 2 51 56 53 94 4 71 53 34 33 55 93 95 94 28 37 46 9 40 82 57 89 1 36 1 36 52 19 64 73 80 47 27 40 71 52 27 89 72 91 88 99 43 85 13 90 19 51 61 21 72 32 77 39 19 81 15 3 54 17 13 7 29 51 77 99 3 94 81 67 25 
49 97 28 93 45 100 73 47 85 64 19 15 76 2 75 35 56 32 55 13 30 81 20 59 65 52 71 72 58 85 16 88 1 32 27 49 49 55 81 39 32 58 31 77 95 74 5 26 61 55 22 95 44 4 70 81 49 70 16 59 65 26 36 18 5 98 71 63 28 91 81 80 95 3 35 63 81 68 32 59 29 82 84 73 63 30 59 10 10 85 56 3 3 33 89 85 73 93 36 28 
78 61 81 47 36 12 64 25 30 46 63 65 50 28 51 21 80 100 12 82 9 42 42 20 81 96 52 7 63 85 47 25 89 98 74 86 49 57 37 54 57 39 19 39 30 65 81 21 73 62 82 72 98 51 52 48 3 6 7 9 97 18 52 100 7 94 3 95 60 7 19 77 34 40 94 59 67 93 13 7 27 98 76 56 84 84 7 15 75 22 49 12 5 44 26 64 15 92 54 45 
51 94 100 98 56 42 20 38 64 32 36 27 76 91 10 85 9 100 17 39 28 56 22 38 90 82 91 24 43 7 68 20 7 95 2 53 28 84 65 95 48 41 71 32 78 3 89 95 72 100 49 42 70 95 76 52 22 92 72 29 1 75 87 88 94 49 10 89 83 34 59 55 36 61 91 88 10 87 7 32 55 94 24 1 68 36 56 20 56 87 71 48 36 25 17 88 54 90 34 76 
17 86 39 70 9 85 51 19 86 19 79 8 90 6 32 13 42 55 7 93 76 63 65 73 17 73 21 49 30 13 82 40 60 93 19 68 16 48 56 65 5 62 93 80 44 98 78 93 99 94 15 19 58 52 35 42 42 45 31 33 17 57 75 14 59 17 92 28 12 50 50 77 23 42 90 55 30 16 54 93 83 80 61 80 67 5 12 94 71 24 95 99 31 23 72 29 96 9 51 74 
3 96 23 25 45 66 64 18 47 72 30 46 49 62 9 51 75 98 58 43 87 20 40 97 14 4 33 15 28 8 34 2 33 66 56 40 51 48 97 89 35 35 74 38 71 79 15 86 1 64 63 78 76 69 63 86 54 54 96 37 50 74 99 27 89 7 81 79 36 74 6 100 66 62 95 3 63 47 62 28 78 46 71 93 36 52 46 73 35 71 86 52 85 36 18 56 26 55 66 9 
86 84 25 100 54 46 16 41 34 79 20 46 50 79 30 35 14 45 1 82 11 10 44 90 97 74 5 84 29 74 33 26 70 79 8 85 93 89 64 65 66 22 31 96 85 100 69 83 59 85 33 43 4 21 90 64 35 17 57 21 87 26 93 92 64 60 59 52 16 4 92 68 14 21 17 2 23 73 99 45 7 72 31 15 31 11 96 98 94 77 33 39 4 68 11 95 93 82 83 78 
84 40 22 24 34 15 20 75 37 47 33 89 91 89 86 20 48 32 100 91 3 97 43 43 23 63 92 44 5 40 65 25 93 27 16 1 34 47 55 41 30 39 46 93 74 48 30 16 29 90 36 95 44 28 81 71 87 31 95 78 66 80 77 69 16 59 66 10 55 4 99 5 54 37 42 18 5 59 4 87 59 85 87 24 89 39 60 16 15 13 69 9 81 29 2 55 61 85 18 76 
66 89 100 36 47 35 57 14 4 34 49 58 66 75 70 84 64 35 96 77 9 67 20 80 38 60 90 76 59 39 15 29 97 3 14 79 8 83 87 43 71 99 20 41 62 59 46 36 42 19 99 27 85 84 96 60 80 69 39 77 74 88 63 28 90 65 59 88 82 73 37 32 19 50 28 96 21 90 42 73 51 63 94 18 24 32 2 53 3 89 91 84 41 9 30 3 73 53 7 90 
84 44 94 48 28 16 9 30 78 16 20 30 21 13 74 97 60 27 34 40 73 24 71 61 24 84 61 28 67 65 89 67 39 11 30 1 37 63 12 8 52 37 47 17 44 20 68 59 75 24 46 39 73 4 31 85 9 29 27 12 7 15 32 69 48 23 29 67 44 10 14 97 95 96 11 75 63 88 40 18 40 34 38 100 76 74 34 56 7 41 89 25 1 43 16 49 86 41 33 44 
43 78 64 35 66 90 47 59 92 55 12 6 59 73 66 12 39 1 58 21 100 77 96 35 99 60 65 24 14 50 23 24 84 62 50 18 28 6 97 48 47 94 7 97 61 25 82 45 22 7 22 32 91 45 3 85 4 10 50 60 22 82 14 97 51 27 86 22 78 86 89 73 20 42 29 52 95 36 98 14 39 30 39 24 3 41 13 87 90 60 28 84 3 79 84 75 76 30 30 41 
87 11 47 76 61 53 54 95 65 36 70 69 21 6 99 17 79 86 52 37 63 18 100 17 38 69 24 46 70 65 28 59 83 15 20 97 96 74 54 12 85 80 17 3 21 80 68 53 28 10 57 65 30 74 98 37 17 75 11 47 78 36 75 33 43 23 39 75 65 51 47 71 59 17 52 98 28 40 19 40 77 49 99 4 6 60 90 65 84 45 14 70 69 53 9 21 20 11 100 84 
91 53 64 70 84 82 52 86 14 75 85 40 67 66 27 84 40 46 23 73 100 6 12 81 38 55 28 15 92 94 70 91 62 28 53 15 86 16 40 34 7 59 39 68 57 7 33 54 67 53 75 22 40 50 52 80 45 54 30 11 35 41 19 36 51 79 95 13 66 10 3 63 86 61 94 27 65 71 54 22 83 91 44 22 5 33 18 69 67 10 78 3 22 6 78 41 55 67 57 97 
89 71 24 87 100 78 35 55 26 11 83 33 50 31 55 16 72 14 37 61 87 24 91 96 49 98 17 43 59 42 60 75 84 20 54 71 17 97 73 9 81 59 21 56 23 86 1 95 57 2 1 99 100 60 64 52 80 62 54 52 24 90 77 3 76 5 88 26 90 74 19 71 87 78 39 11 98 37 95 29 7 45 17 13 43 97 4 52 25 92 90 31 3 15 60 80 41 47 90 18 
58 48 95 73 55 30 76 6 96 62 58 28 22 32 86 92 61 91 1 94 34 72 59 5 80 42 80 75 87 9 24 11 65 73 54 53 10 84 61 17 56 12 33 33 93 22 100 89 82 82 13 2 28 35 16 96 37 40 5 76 56 90 16 27 4 75 40 37 77 35 49 73 73 94 13 19 72 7 70 44 32 7 89 78 41 52 38 74 39 84 96 57 57 41 48 39 89 39 66 40 
94 56 100 85 38 88 4 36 65 84 75 39 64 51 5 58 98 41 63 46 53 22 27 83 23 9 66 79 52 20 13 96 48 71 66 83 26 90 13 68 49 69 37 68 18 19 32 13 13 8 39 62 85 86 36 29 86 8 18 83 61 71 65 15 34 58 13 93 91 74 51 19 15 21 23 47 4 29 28 60 11 7 10 46 43 17 94 28 86 10 22 49 71 7 58 58 46 70 65 25 
95 85 74 22 33 4 71 32 9 38 52 8 80 29 23 52 32 16 5 50 100 65 47 30 87 87 60 45 85 87 74 100 62 52 39 78 50 64 37 76 35 85 7 20 44 11 59 51 64 25 28 90 96 42 32 48 68 24 75 84 95 90 13 91 52 29 92 12 4 36 75 1 50 65 6 10 60 77 87 36 97 28 22 1 18 100 19 28 41 17 71 23 29 59 95 94 64 62 76 63 
66 77 34 4 79 24 60 58 44 98 50 53 4 80 21 36 84 80 21 67 52 15 34 32 29 3 20 20 65 77 64 94 12 18 85 78 5 80 99 50 19 79 71 64 59 58 30 24 21 25 6 19 32 96 47 7 42 3 40 23 41 98 24 23 8 48 71 68 8 74 10 46 91 73 83 21 51 40 48 66 19 23 11 13 99 76 92 98 55 91 57 36 70 84 98 91 38 18 85 44 
20 36 4 76 43 16 84 82 28 10 15 60 12 72 81 86 71 49 80 64 57 48 39 46 32 97 17 41 38 76 65 4 11 83 5 49 65 91 24 37 54 79 85 50 81 78 33 52 19 40 7 52 23 32 67 88 29 90 32 32 66 17 24 99 94 44 72 1 97 13 8 70 9 47 22 95 87 74 38 89 34 90 26 4 30 20 4 65 40 26 75 76 97 68 1 86 61 2 32 61 
10 46 29 40 92 75 23 72 22 58 44 51 24 68 57 83 89 92 87 92 99 15 47 95 40 93 32 2 41 70 53 41 97 34 23 88 69 87 68 96 96 66 3 8 31 2 12 28 8 25 48 70 95 79 22 9 78 23 55 67 80 83 32 53 3 67 55 69 35 2 86 68 33 65 44 13 86 42 51 36 80 18 59 74 100 46 87 45 39 14 34 11 54 22 9 52 70 67 20 12 
3 85 61 52 12 69 53 85 69 39 59 64 93 44 97 80 21 62 99 75 85 26 6 23 1 62 14 5 15 1 78 98 17 23 44 69 10 86 90 26 11 57 50 58 63 24 44 6 76 32 71 76 34 29 64 28 77 41 29 78 24 17 12 75 96 31 12 19 95 82 27 60 16 7 94 9 4 24 4 82 99 86 81 12 100 38 51 89 41 57 78 55 81 9 6 82 95 76 30 37 
19 80 11 96 1 6 76 33 7 84 46 47 64 69 8 50 60 60 87 33 63 92 46 83 11 99 56 11 95 36 54 56 58 73 50 16 73 60 67 71 52 65 72 70 38 58 91 94 50 87 21 1 59 54 19 34 61 54 98 92 18 70 54 12 61 72 27 91 19 75 33 25 49 25 16 89 59 97 16 43 78 90 7 28 46 54 52 100 94 23 67 93 68 26 57 65 33 71 38 18 
33 90 64 6 95 16 61 89 35 70 21 78 72 59 1 40 27 99 54 8 12 95 76 61 92 69 22 48 40 43 58 84 56 34 22 18 62 13 80 92 77 85 36 76 43 54 89 80 1 13 13 65 10 91 29 74 73 31 39 38 37 55 24 54 50 15 27 62 10 60 9 77 44 93 39 41 81 87 38 66 92 87 30 21 46 73 45 24 43 90 48 56 25 16 50 88 94 24 54 60 
20 48 43 26 25 26 45 66 68 30 70 58 14 49 89 62 40 84 18 26 24 74 89 90 34 43 65 74 4 73 66 18 58 10 47 97 40 63 13 21 29 43 64 66 46 58 44 30 2 6 2 53 89 88 72 43 21 53 79 100 77 51 67 98 61 51 12 14 64 23 78 60 90 32 78 73 46 29 41 61 73 51 12 86 55 65 77 5 6 86 64 34 65 10 77 27 48 94 13 89 
84 75 20 59 78 29 5 89 85 79 54 54 7 74 60 4 97 48 75 53 27 43 74 43 70 75 42 23 57 56 11 69 73 84 37 77 35 97 43 23 100 97 54 60 67 5 9 89 87 89 74 73 16 59 80 32 63 74 57 52 4 49 68 3 92 72 66 39 61 65 2 90 82 43 100 5 47 17 56 56 58 78 93 9 9 92 33 4 31 1 20 7 74 3 94 38 19 11 9 50 
85 78 20 30 83 66 52 25 23 9 41 16 93 97 61 34 73 46 50 53 48 100 16 10 28 14 13 40 98 37 100 27 52 83 23 67 48 54 17 37 27 21 73 50 43 97 36 51 62 13 32 75 71 71 14 47 42 24 61 39 20 90 84 64 44 32 96 81 75 5 10 31 44 68 93 28 63 99 53 15 98 38 99 8 60 7 100 14 69 15 2 98 20 82 30 15 24 15 83 8 
97 21 49 83 39 7 50 30 78 26 100 81 76 19 50 95 24 51 27 5 22 38 75 7 9 83 66 2 1 15 14 70 93 34 70 2 2 20 14 13 71 51 9 75 92 19 58 73 93 83 99 10 88 60 61 6 23 40 38 57 23 87 54 23 17 47 68 93 28 27 2 86 1 80 85 97 2 12 76 88 10 26 68 47 66 39 79 28 3 16 94 78 98 68 81 37 59 11 61 52 
7 26 37 21 40 49 49 40 98 55 80 32 59 81 69 18 22 25 2 69 92 55 96 16 30 4 83 93 28 19 87 81 57 50 32 89 36 57 11 41 16 75 30 8 1 87 67 86 85 86 7 84 68 73 53 85 94 10 89 12 61 26 11 27 67 61 92 10 6 16 69 51 67 92 56 17 56 5 42 77 50 52 37 7 90 72 82 98 25 47 11 5 55 100 77 58 73 56 50 40 
50 29 30 34 89 60 75 74 88 25 88 17 19 96 3 94 81 84 92 29 34 30 28 51 25 88 64 44 59 6 21 80 87 96 58 95 28 38 27 47 34 3 45 79 59 32 97 96 27 30 95 96 54 59 83 95 88 19 83 80 74 22 86 3 26 35 47 20 47 81 38 17 45 17 51 67 95 36 38 52 2 17 39 75 8 74 5 78 73 19 92 29 91 36 97 19 47 43 15 56 
49 60 6 71 59 56 18 17 11 100 44 9 24 49 70 31 98 37 66 87 51 63 37 84 72 18 8 51 24 68 30 4 40 4 18 14 95 23 41 27 98 7 21 68 32 68 16 85 25 38 53 29 96 42 17 65 70 11 36 44 59 13 58 47 3 71 86 8 77 72 22 17 7 26 89 54 83 23 97 92 32 24 68 35 67 64 76 30 57 95 36 1 50 67 31 94 8 38 9 35 
77 70 27 98 37 41 19 11 86 53 58 59 71 58 54 87 16 73 22 25 66 70 14 37 76 52 49 57 37 22 63 86 86 73 61 87 51 1 8 20 47 11 31 76 96 98 47 66 21 94 60 42 70 75 56 62 17 8 98 44 44 23 11 77 10 46 77 28 6 90 70 48 53 96 22 76 81 2 49 30 49 11 68 17 78 17 84 89 91 88 2 87 34 93 46 84 92 87 98 53 
20 33 56 13 68 26 14 27 59 62 32 15 31 54 80 46 61 42 40 67 16 94 92 89 64 26 48 11 58 93 75 56 54 16 99 83 65 22 9 35 98 57 58 62 77 30 9 24 100 15 90 40 6 24 3 94 79 82 76 74 85 39 65 1 27 36 83 96 74 28 85 83 84 37 36 68 7 62 82 15 60 35 58 23 79 49 100 91 65 26 80 18 100 92 33 49 48 79 36 1 
62 47 78 93 45 26 92 63 9 67 10 43 87 73 82 19 100 23 22 29 28 98 40 57 97 40 84 15 85 17 50 34 32 11 98 8 93 53 73 7 22 48 77 8 36 35 96 43 43 2 57 75 1 8 25 34 89 57 11 46 41 34 27 7 55 67 59 8 87 10 71 23 47 17 59 28 18 43 34 86 86 5 34 80 71 50 87 10 70 81 80 23 75 73 46 32 17 96 39 41 
34 33 72 44 75 41 60 7 72 57 68 92 19 84 54 77 38 51 68 84 22 27 28 96 34 16 56 65 97 51 70 82 98 7 37 88 53 17 84 27 67 3 58 71 87 33 28 9 95 37 44 22 24 20 97 33 14 77 99 76 72 23 41 28 49 94 96 63 59 63 23 63 23 43 37 26 54 14 59 73 29 24 82 29 6 53 83 1 47 32 53 42 42 31 36 97 26 96 75 94 
15 44 71 27 62 54 18 16 94 7 29 97 55 40 32 35 17 74 17 74 14 68 98 72 80 38 95 71 33 29 51 67 22 15 72 34 82 48 26 33 1 92 30 32 72 68 38 5 20 91 66 56 79 55 16 46 15 92 99 55 56 33 22 14 11 99 77 92 56 5 51 14 35 50 8 83 38 13 79 86 17 10 67 40 53 48 4 90 28 88 75 63 6 2 10 9 36 74 43 24 
53 35 35 72 81 91 33 49 81 96 27 62 87 92 76 86 77 9 23 67 79 62 37 26 84 39 87 96 75 3 45 5 90 68 76 52 41 5 1 3 25 72 39 48 64 36 46 26 38 63 66 1 67 5 43 30 75 37 23 39 65 76 17 29 6 64 58 17 49 44 54 86 49 76 70 4 30 93 34 93 2 64 51 19 96 4 79 79 71 88 65 2 63 85 21 6 59 49 13 49 
10 20 26 32 62 87 7 70 36 92 30 74 74 2 41 22 86 6 73 75 3 9 33 45 26 15 36 71 51 81 98 92 63 37 18 16 14 26 37 33 47 6 5 91 90 24 88 79 94 8 22 32 18 4 52 53 19 71 72 35 77 33 2 99 73 40 93 26 21 71 32 15 15 35 95 6 24 84 2 51 72 74 62 12 68 36 95 87 54 25 17 43 100 10 80 20 44 98 2 62 
24 3 63 87 73 13 4 50 25 19 48 29 36 76 43 84 28 45 64 63 40 80 97 74 47 81 10 8 60 2 26 60 68 73 36 7 54 40 31 75 80 48 62 12 77 56 48 11 38 67 88 48 74 77 71 49 34 46 72 54 47 92 53 37 6 96 59 83 42 49 22 36 98 96 94 96 82 19 18 62 71 99 48 88 42 8 46 82 18 18 55 41 66 17 74 68 30 67 27 64 
39 82 54 95 25 46 81 95 86 49 23 41 28 74 30 63 60 68 16 42 66 40 94 27 24 5 3 84 27 11 35 53 60 1 33 50 77 10 42 90 54 45 37 57 51 71 100 59 25 24 32 44 58 21 18 55 15 70 29 90 57 43 16 44 58 28 26 89 2 31 92 95 78 93 53 4 71 44 1 70 4 11 91 69 10 96 39 84 88 39 83 19 61 68 7 89 65 94 13 70 
69 10 89 52 7 49 17 71 71 76 82 26 40 57 52 3 20 16 56 46 29 5 41 3 90 96 33 85 66 32 68 26 76 50 5 53 96 61 88 80 82 66 48 44 83 24 77 7 45 57 87 29 83 3 41 71 58 88 21 84 93 81 59 92 89 36 18 86 88 4 22 48 99 28 34 1 52 88 97 6 99 62 25 86 89 15 34 70 25 21 40 41 48 22 78 63 2 33 32 99 
10 49 83 69 23 26 8 39 18 25 7 8 79 98 20 63 47 99 54 19 4 84 63 69 47 37 97 70 25 7 20 4 6 52 75 25 32 29 93 92 9 42 74 44 10 46 87 63 5 38 20 77 84 98 52 31 90 91 44 86 91 83 98 89 83 68 8 26 70 93 22 32 48 18 86 37 20 13 37 24 76 19 50 40 92 54 77 55 60 45 7 56 99 11 10 67 95 95 76 65 
65 66 8 51 6 78 14 91 41 71 33 27 77 40 17 71 70 87 47 71 39 86 61 49 72 70 57 47 39 34 71 8 75 16 49 59 90 87 4 11 34 13 72 30 93 31 16 41 83 67 78 75 60 91 28 41 41 94 36 25 83 85 15 1 53 94 52 10 49 75 94 44 31 48 92 24 67 14 63 7 45 18 82 20 71 5 47 17 62 19 10 8 23 57 25 10 39 7 83 57 
7 83 52 45 17 9 6 16 13 72 19 6 77 59 74 25 38 55 84 98 47 56 2 57 54 14 91 76 79 31 44 23 23 32 48 68 24 88 54 39 58 63 33 83 86 78 15 19 58 80 58 3 30 98 17 56 75 35 91 7 69 37 70 7 73 20 39 87 57 5 89 80 5 37 19 35 71 20 73 100 12 95 93 19 49 37 82 11 15 7 24 84 19 49 58 6 58 48 87 32 
43 89 79 39 23 96 52 85 55 7 12 30 32 71 2 13 62 17 16 64 87 40 70 97 49 25 19 71 38 61 4 62 3 93 46 16 62 69 88 82 34 84 5 42 95 46 84 57 79 8 30 46 63 9 75 9 6 62 46 80 92 22 12 52 53 30 15 12 91 16 14 22 64 85 70 83 48 58 59 83 27 7 37 38 75 14 59 37 6 28 23 38 96 9 38 12 26 36 2 64 
65 55 21 99 63 25 35 74 54 4 14 66 34 63 4 72 47 78 56 68 100 18 45 7 38 37 29 29 24 59 16 5 12 12 96 74 41 22 26 6 57 28 91 23 42 23 17 52 41 56 67 89 71 33 71 56 46 1 93 35 88 66 93 43 49 7 52 76 57 40 79 44 85 23 83 45 44 11 76 93 39 78 50 51 48 89 99 35 51 54 66 95 1 85 54 69 21 48 72 25 
96 53 79 75 64 70 64 53 41 25 16 97 41 13 30 55 50 46 66 81 64 95 1 28 8 67 82 93 67 64 77 79 77 45 20 65 71 98 47 74 35 62 50 43 94 63 28 60 53 64 74 38 91 1 88 47 67 69 35 97 6 55 31 9 83 24 100 51 98 62 58 48 34 71 36 13 47 72 27 22 85 84 39 14 61 63 91 25 23 73 74 19 57 72 58 95 14 66 24 55 
52 61 40 57 96 23 75 30 21 73 57 52 40 35 69 54 90 65 15 92 8 16 19 64 73 20 92 50 70 84 52 20 75 64 84 78 81 13 29 34 18 49 98 1 24 65 64 42 57 79 99 42 62 55 34 31 9 84 48 68 54 24 55 78 89 73 82 63 45 85 64 74 43 25 24 76 20 94 39 27 19 83 32 87 82 59 29 72 10 80 21 99 3 78 4 35 68 7 3 45 
49 81 21 30 60 82 55 67 83 98 77 77 40 12 92 13 1 12 99 78 27 41 4 43 44 33 88 86 30 9 100 65 94 14 9 53 67 98 47 17 56 16 3 50 52 29 12 79 81 59 73 84 55 9 42 79 73 35 46 55 65 83 37 28 84 74 23 43 97 17 100 1 13 77 86 1 35 18 74 30 40 61 100 100 99 72 99 6 59 85 31 58 74 51 42 82 13 44 93 37 
48 32 93 38 29 58 65 2 29 9 24 44 99 89 55 70 61 10 59 23 77 57 3 89 44 38 87 22 75 56 47 32 32 5 42 30 67 66 95 1 67 25 12 91 58 29 69 57 57 78 43 22 63 43 35 39 40 81 92 19 100 64 11 31 55 9 91 16 3 41 28 90 28 50 56 32 94 26 91 46 58 5 65 15 90 16 56 31 30 63 50 77 18 42 23 12 16 88 12 66 
62 93 9 14 29 29 41 32 85 41 62 79 50 26 95 80 79 31 12 86 29 71 86 9 42 12 82 20 36 53 49 84 91 49 8 91 26 88 25 3 60 43 29 13 27 29 64 33 26 38 53 8 68 81 31 42 82 90 13 93 10 91 74 50 49 41 60 66 49 83 88 72 68 16 70 1 3 38 81 30 55 26 49 2 92 68 28 49 82 64 64 2 83 13 72 75 24 12 52 89 
64 66 94 71 86 100 59 100 56 15 83 86 4 96 25 12 82 40 61 2 78 91 27 23 54 12 49 90 76 39 15 13 51 87 83 54 34 52 38 5 86 84 6 26 26 47 27 82 96 94 6 49 88 25 75 33 1 59 73 57 8 1 53 21 17 14 90 40 27 32 32 3 12 89 86 56 18 1 5 49 45 4 12 21 20 61 40 29 33 14 24 3 53 50 95 80 24 78 79 82 
53 19 76 61 79 68 75 64 82 45 32 51 86 28 5 63 12 18 1 70 69 69 91 81 98 21 66 14 54 49 16 53 66 42 75 28 3 58 94 40 97 95 38 73 44 42 14 83 92 31 7 54 39 14 70 55 21 63 91 5 87 25 60 68 12 49 81 69 36 22 3 26 33 96 75 5 55 2 27 37 63 78 18 5 10 23 8 13 62 94 20 23 10 61 72 23 79 89 6 26 
49 3 99 88 73 35 3 32 43 22 69 30 16 35 77 1 39 75 57 1 13 83 78 75 53 12 65 64 72 28 48 96 54 99 36 17 75 90 5 51 9 90 4 47 66 41 3 12 52 90 62 82 41 56 39 80 46 4 64 79 7 82 51 42 39 69 77 47 48 91 23 5 54 97 66 5 14 5 11 75 42 97 70 25 25 25 31 72 99 35 99 13 39 85 85 21 36 57 61 9 
57 22 24 50 28 98 11 37 33 31 54 84 98 21 65 16 24 46 55 26 16 89 22 9 12 70 56 47 6 52 7 99 56 31 84 42 96 98 98 92 77 61 96 16 60 4 27 86 74 100 42 9 25 90 48 78 28 85 34 71 58 57 28 80 42 82 6 54 38 56 89 66 24 58 2 73 89 39 17 84 4 96 24 56 36 70 20 92 50 29 9 87 85 96 85 2 34 16 51 9 
65 24 79 56 29 98 62 51 78 40 88 51 74 7 35 73 26 66 100 94 27 15 79 66 32 46 58 53 79 49 9 50 72 6 52 41 17 1 29 36 71 30 20 39 50 22 40 59 45 40 86 47 36 56 49 15 83 80 41 31 82 88 80 25 99 36 56 84 91 79 95 24 20 57 79 41 91 27 80 64 53 31 53 99 65 79 69 57 75 54 67 41 62 75 93 100 38 96 9 64 
71 7 80 67 59 33 100 55 71 13 52 59 75 18 19 72 5 61 86 40 43 5 53 19 32 59 38 2 43 42 27 27 51 26 56 42 10 2 1 68 17 8 9 40 83 27 36 82 77 89 28 68 75 82 74 82 2 82 35 79 84 69 77 69 91 71 85 47 5 30 14 68 81 27 83 54 11 41 6 80 82 52 13 60 11 94 62 98 12 6 15 90 14 91 57 38 24 12 95 17 
42 16 49 79 30 59 36 51 80 58 23 18 70 50 76 34 51 93 23 86 87 50 42 18 64 53 98 63 96 37 68 77 61 38 73 20 65 73 38 58 62 54 38 44 45 33 28 10 99 74 90 38 14 60 43 12 67 63 93 13 23 46 65 2 44 16 26 95 63 42 65 83 62 83 50 13 86 59 38 45 25 2 93 69 52 6 73 46 1 53 51 70 82 81 67 23 45 1 53 97 
44 9 26 41 25 100 23 37 94 87 40 94 55 69 55 88 57 95 7 10 62 60 77 36 21 71 43 35 42 92 62 50 67 59 13 2 70 5 26 43 71 86 65 86 85 67 18 98 42 19 48 25 58 40 72 65 92 8 47 55 11 76 12 68 43 31 75 71 50 14 3 72 13 73 95 35 23 94 86 18 54 19 67 80 30 96 66 14 18 49 37 79 30 93 23 36 80 45 20 87 
30 60 56 92 39 74 48 74 50 80 100 31 79 85 66 98 98 43 68 22 76 36 17 88 8 27 8 29 53 61 42 52 4 10 71 42 36 13 83 10 12 41 36 58 76 67 67 19 34 88 47 19 8 53 9 61 32 21 35 39 90 57 69 78 19 13 50 97 38 24 33 5 36 57 26 57 27 24 23 23 53 40 33 49 59 93 46 23 49 17 10 43 98 39 38 67 41 72 85 62 
17 84 60 89 64 74 5 41 20 89 56 61 39 46 48 31 40 61 91 14 66 21 91 83 100 67 98 11 32 41 42 87 15 84 37 88 23 30 84 35 56 65 23 21 88 47 61 32 9 1 79 86 78 94 17 79 4 15 35 18 63 47 84 9 88 8 58 82 13 14 48 41 75 41 100 18 78 65 61 76 88 42 92 20 17 69 73 66 97 50 19 64 45 32 5 21 83 48 64 90 
20 36 77 40 12 38 98 7 68 9 65 73 98 74 48 72 33 87 73 53 60 39 85 66 89 32 3 62 33 42 6 75 56 35 94 15 83 77 100 22 16 13 49 70 18 48 23 45 93 66 67 7 13 77 29 91 86 67 66 33 84 36 20 76 28 6 38 97 79 69 22 39 24 92 93 34 73 2 94 81 12 90 81 69 84 49 37 73 20 68 91 43 46 71 42 69 19 53 61 41 
9 39 4 66 12 26 69 54 47 7 10 84 99 26 75 84 96 4 32 70 95 19 23 70 60 94 30 47 10 63 49 24 45 64 24 55 14 71 39 74 16 46 81 63 41 60 23 63 91 66 51 39 1 31 22 58 3 96 30 27 16 14 73 65 7 47 30 44 94 94 85 41 14 10 5 1 98 69 32 70 70 62 48 38 91 38 58 32 10 77 50 84 53 2 55 76 67 5 8 15 
96 26 64 92 15 26 7 54 36 3 69 35 60 81 15 49 93 18 17 39 23 27 75 9 24 90 73 34 81 90 72 89 14 53 83 52 46 5 9 68 76 10 25 82 6 51 34 33 40 42 55 16 65 45 89 88 37 89 78 80 41 35 68 37 88 24 7 67 25 15 25 24 71 66 99 99 93 48 57 6 33 42 54 81 37 71 40 14 42 63 42 42 57 18 22 19 22 79 86 58 
20 84 81 8 11 50 5 15 84 27 97 38 19 11 18 52 46 51 17 17 97 50 34 81 63 56 99 47 35 18 6 99 36 24 58 8 45 27 13 18 88 74 64 79 2 21 86 86 51 24 59 21 57 21 11 68 43 28 87 74 27 74 72 22 30 78 59 32 37 67 3 86 58 93 9 15 79 74 78 47 35 33 87 31 90 56 48 78 94 14 17 9 76 33 8 47 40 98 10 55 
42 85 53 48 1 7 99 38 93 69 57 1 11 63 57 33 14 46 80 17 98 62 97 55 63 58 87 37 54 44 72 85 9 5 47 71 26 92 23 53 18 2 19 26 39 4 47 32 63 22 73 68 31 89 75 73 9 58 87 74 92 6 89 63 5 53 12 73 10 32 12 98 70 86 16 61 75 35 60 9 77 6 29 64 94 92 29 71 56 62 64 69 19 56 56 80 70 69 76 53 
91 97 92 3 37 98 87 68 51 41 57 3 15 91 100 85 67 93 77 14 56 36 62 86 80 26 15 23 93 48 54 54 86 56 59 58 40 50 34 28 69 46 15 15 97 44 41 87 88 10 17 71 91 14 35 98 65 99 72 45 14 9 57 52 30 99 80 21 14 87 7 54 26 79 5 48 65 30 78 41 60 50 91 70 27 56 7 69 91 43 42 59 52 79 29 63 52 2 17 40 
17 6 21 33 61 56 3 56 76 70 9 15 81 25 70 93 74 35 48 55 15 55 18 59 56 15 1 77 58 1 79 8 64 6 100 99 34 98 20 35 15 15 26 67 97 97 70 86 90 43 75 35 71 37 68 66 81 41 86 25 55 100 98 36 85 57 39 16 21 65 58 23 35 52 59 67 87 46 87 99 98 26 84 66 34 96 50 96 92 10 77 57 91 4 27 54 8 97 97 1 
37 18 92 36 21 27 52 51 62 65 65 51 33 46 3 60 98 70 58 55 92 2 92 60 26 75 67 40 68 55 16 65 89 7 77 28 79 3 60 88 99 77 75 18 13 59 70 91 99 76 91 62 71 33 28 87 19 6 19 71 38 96 56 76 47 84 83 67 52 37 69 83 97 78 39 44 32 32 37 24 42 84 49 90 84 98 47 24 50 39 57 96 90 93 68 58 43 39 43 50 
59 78 45 97 53 8 59 85 86 70 97 67 66 18 51 39 55 37 87 69 63 83 29 41 79 25 77 1 95 62 46 29 60 2 6 94 71 40 86 68 14 77 42 54 32 82 77 30 2 22 97 47 29 82 83 33 47 94 8 6 58 32 34 72 43 59 21 20 93 2 4 84 71 45 36 46 32 8 42 25 88 75 95 47 46 86 19 53 61 78 17 52 95 27 40 46 44 54 28 95 
48 22 44 97 24 54 22 62 25 29 85 71 3 10 53 78 50 63 60 11 68 99 66 89 79 62 42 22 79 47 88 38 40 91 25 86 72 15 49 35 1 83 93 71 59 94 10 56 60 28 58 46 80 18 7 50 13 52 44 11 16 87 51 18 47 60 12 10 92 25 29 87 65 35 42 82 25 40 3 18 47 100 16 55 82 63 2 100 82 99 86 16 59 56 56 22 54 60 8 93 
10 48 11 39 52 26 66 29 72 23 30 55 24 79 39 45 65 66 65 96 26 3 74 22 66 54 54 58 10 41 65 40 97 30 87 36 57 48 55 53 53 16 32 71 69 58 10 4 84 43 24 84 40 1 34 97 88 98 55 76 2 44 22 75 88 31 21 3 4 48 71 83 7 63 5 72 59 50 91 8 42 87 16 14 96 26 98 27 31 52 100 14 69 94 69 6 31 81 1 23 
25 47 91 28 80 62 34 75 46 45 47 43 99 88 1 81 93 100 10 73 48 78 58 77 23 15 35 12 56 70 19 46 79 90 81 98 86 83 54 44 46 91 98 61 4 85 4 92 29 40 53 57 54 15 49 27 11 80 98 59 69 51 75 12 82 27 86 51 76 9 30 49 56 100 93 50 52 31 80 61 5 98 15 63 63 82 91 15 91 73 30 35 78 78 4 9 72 5 51 58 
43 3 77 55 97 77 11 42 72 95 8 22 43 24 59 76 55 6 72 23 42 87 50 20 32 63 29 54 94 96 65 3 52 92 82 30 84 80 90 33 28 79 2 73 39 51 41 34 65 71 50 38 87 38 22 68 97 61 44 93 12 50 30 3 86 90 75 81 16 98 69 40 61 68 59 42 34 11 35 16 97 4 70 53 55 14 60 24 50 81 12 33 45 63 55 47 28 34 8 16 
96 58 73 73 41 1 18 78 17 67 90 43 62 68 18 86 57 38 72 65 100 15 98 97 30 81 77 75 61 48 66 28 70 54 8 38 51 67 56 72 43 80 14 17 46 98 87 32 93 66 19 57 34 4 20 1 6 25 3 64 96 39 1 6 99 7 87 63 99 26 2 94 86 92 82 74 99 49 79 35 83 3 4 53 86 14 27 62 27 38 80 56 23 7 95 71 49 41 82 49 
45 56 79 61 16 41 62 71 44 77 26 84 18 45 85 98 36 52 8 23 97 64 90 96 88 86 41 38 10 95 99 49 68 25 69 34 88 100 78 87 26 37 36 39 47 53 16 73 28 97 13 11 34 42 67 8 96 13 56 99 36 45 77 62 40 87 6 25 76 32 88 62 69 18 67 77 74 39 5 59 17 61 12 14 54 34 46 85 39 14 13 34 18 72 15 70 42 6 91 49 
18 86 92 49 67 89 23 67 95 90 5 21 41 67 71 88 83 77 25 15 44 21 3 51 71 31 23 79 91 97 31 85 87 3 65 3 3 80 78 67 51 10 26 27 13 69 57 83 94 52 67 18 55 15 20 39 54 65 97 2 3 5 10 68 96 57 9 81 80 87 23 47 7 89 73 84 47 74 67 1 68 89 13 23 31 86 70 60 15 32 18 57 74 95 75 10 17 14 42 82 
96 94 37 38 57 92 10 4 99 11 79 72 81 88 31 61 76 27 3 58 53 64 78 93 91 76 57 38 32 21 98 96 25 31 85 5 56 85 47 89 41 8 34 60 15 72 81 82 91 50 80 93 18 44 34 46 59 51 7 61 6 18 62 97 35 50 42 44 76 74 53 47 55 6 37 95 94 58 13 4 47 22 52 3 21 15 77 9 66 81 65 63 87 77 27 41 29 27 36 7 
