81 71 95 34 56 91 87 20 46 59 82 83 92 35 70 89 84 12 39 37 65 90 53 23 30 60 76 4 7 93 28 47 39 94 100 11 35 52 30 81 88 11 98 3 75 95 24 28 1 13 14 71 79 80 86 50 45 8 84 36 55 81 100 96 47 79 42 37 31 67 37 20 41 17 91 3 100 35 98 5 36 25 11 93 36 81 18 55 70 58 58 48 63 10 84 58 88 30 57 84 
26 11 11 15 62 24 3 16 3 58 58 75 38 87 27 97 30 23 5 42 73 71 87 15 62 85 9 37 13 80 81 72 71 90 10 25 10 28 16 42 50 3 62 50 84 3 52 96 100 29 98 24 73 2 25 12 89 23 69 80 41 91 12 35 21 3 6 77 27 90 86 45 70 32 92 8 45 95 89 43 41 41 58 65 90 84 1 69 76 10 25 55 97 68 97 10 18 20 59 65 
55 91 20 68 4 46 17 29 85 89 8 86 37 63 98 48 20 40 46 54 65 77 25 45 58 5 46 49 78 98 25 82 67 7 65 81 81 30 76 59 69 13 20 43 18 36 47 67 32 23 55 82 50 99 52 77 42 52 72 60 17 9 82 76 34 5 31 52 23 12 88 87 14 39 78 2 44 29 44 39 93 72 64 47 37 31 96 61 6 11 51 70 91 3 83 24 7 73 33 39 
69 57 89 67 54 26 3 49 15 69 52 55 17 7 58 78 37 54 51 71 81 51 11 12 75 92 37 42 31 63 61 13 29 81 89 44 30 14 35 19 2 79 2 39 39 35 5 22 78 53 39 42 26 53 46 42 52 56 10 12 80 72 73 100 61 93 57 19 12 19 5 73 4 56 54 43 11 92 12 54 48 26 56 90 6 78 51 74 36 80 57 36 19 38 18 56 72 59 34 35 
37 70 40 97 38 64 93 63 33 100 2 6 55 4 45 61 99 63 90 48 18 13 71 15 90 68 76 55 46 90 64 88 82 65 86 28 38 55 43 84 94 60 29 28 21 11 92 8 27 36 80 14 37 50 67 56 25 83 28 15 96 64 56 59 53 49 57 11 95 20 7 41 50 60 3 66 95 34 51 82 9 60 2 51 77 43 81 99 79 95 53 40 40 58 70 79 2 22 16 67 
15 56 37 17 23 11 48 74 90 34 88 62 43 5 48 2 83 33 99 72 97 10 44 92 4 19 23 11 74 68 70 100 97 65 21 55 25 17 88 44 51 68 56 1 11 35 72 37 12 14 16 71 93 47 54 83 49 55 28 63 70 15 96 23 48 75 100 4 3 52 49 65 44 45 92 97 7 34 88 47 4 9 6 63 69 91 64 98 22 45 51 24 41 11 96 5 11 85 12 83 
20 80 91 5 68 2 39 94 95 43 79 53 71 87 35 17 46 67 80 39 37 84 98 23 10 34 67 52 27 40 53 75 48 88 69 16 97 7 92 1 88 32 31 44 26 93 81 57 28 41 48 94 70 46 22 15 7 19 4 7 16 25 74 39 93 50 8 71 44 88 72 47 54 94 6 47 25 7 93 43 88 42 3 33 92 75 61 92 42 19 27 73 86 86 92 61 46 13 16 18 
52 86 24 47 42 60 18 8 37 29 69 74 78 13 33 30 20 3 97 19 96 82 29 71 67 81 35 12 57 11 13 66 5 30 37 6 46 46 57 11 42 89 56 17 67 88 78 3 91 84 38 94 41 57 51 8 69 45 5 45 31 2 89 87 69 43 92 36 74 18 18 16 49 80 85 65 3 87 47 88 68 67 34 35 78 28 86 86 63 91 71 8 54 26 82 55 59 69 39 11 
63 90 71 21 45 15 17 9 99 45 61 34 64 78 5 87 10 66 1 22 94 31 84 92 41 98 89 97 26 26 86 35 3 38 43 53 65 17 29 52 42 61 26 21 96 43 5 62 28 14 89 4 9 24 20 90 11 18 97 83 72 80 27 43 95 46 37 78 85 20 12 31 31 68 23 7 61 25 6 97 37 89 44 64 20 41 43 97 87 7 37 26 90 56 89 20 31 74 65 45 
47 10 2 73 42 41 30 96 39 88 7 42 93 17 63 82 84 71 1 19 16 71 70 20 28 57 4 56 97 50 14 45 100 83 34 77 7 13 65 33 19 91 70 68 70 85 70 10 13 35 35 22 20 86 90 93 79 23 5 14 6 93 31 4 78 23 20 16 34 33 57 29 51 97 81 3 58 26 65 24 7 37 28 95 74 13 57 96 95 6 48 27 52 49 39 93 86 20 52 66 
34 32 37 97 25 23 29 94 76 19 3 100 12 34 65 40 96 34 55 2 27 73 62 28 89 66 75 70 30 97 31 64 92 32 61 32 70 94 26 94 14 27 92 17 1 31 26 96 79 11 70 47 91 35 20 90 39 85 51 39 57 73 23 82 47 62 51 98 84 45 30 66 6 50 19 81 90 6 4 72 37 81 4 80 54 100 36 5 19 57 41 46 29 46 33 35 4 13 66 51 
83 25 16 29 19 3 2 78 60 54 45 20 78 59 97 52 53 48 89 79 97 91 99 86 17 1 11 11 75 14 96 87 82 46 53 9 69 27 64 47 26 60 12 27 5 83 93 18 28 36 66 57 76 17 92 45 22 47 83 23 33 25 81 7 93 45 17 30 67 16 31 87 13 94 79 28 36 70 16 75 96 28 40 69 93 82 65 63 21 72 100 88 7 68 55 14 55 73 25 23 
86 75 64 79 67 35 45 49 59 9 76 13 31 43 64 6 54 69 29 25 39 29 20 35 85 75 17 34 84 12 96 62 53 1 3 36 91 14 77 77 1 67 7 4 85 37 94 15 85 40 74 71 42 48 10 32 57 60 22 61 51 17 36 25 66 88 46 85 96 90 75 50 28 32 19 7 26 2 36 26 17 4 6 36 61 65 76 39 72 23 3 24 85 78 47 78 37 59 49 63 
93 43 64 71 71 71 77 97 98 99 21 96 89 11 11 15 36 84 14 89 30 72 14 88 98 10 58 89 63 19 50 45 94 97 7 55 72 21 16 28 19 4 97 84 74 69 43 52 87 62 92 95 84 74 99 65 40 73 95 58 14 42 23 96 50 67 52 93 59 96 65 14 90 94 58 50 43 91 37 53 10 13 51 74 87 27 89 70 70 9 55 85 50 70 48 46 7 29 91 42 
47 30 7 33 32 42 85 77 37 59 47 22 97 50 36 5 47 64 16 82 68 6 23 49 71 49 17 93 92 19 57 48 60 35 63 65 60 50 22 21 76 21 7 30 84 38 46 7 14 75 62 43 50 92 2 23 78 83 56 26 16 51 39 82 77 91 93 45 61 99 75 79 90 6 23 100 20 78 17 46 92 55 27 78 33 48 77 8 65 14 76 81 13 69 18 8 12 55 33 48 
19 30 30 95 71 72 82 23 62 22 21 60 80 85 20 38 99 47 99 91 42 31 51 12 95 13 41 79 10 2 49 95 46 42 1 75 56 71 92 95 97 99 100 17 23 23 84 73 7 23 92 38 76 98 14 99 37 19 7 47 70 84 19 88 52 24 7 43 30 42 45 81 89 80 14 92 10 37 36 25 17 59 90 97 54 9 88 65 83 38 83 12 93 19 41 64 33 8 65 6 
59 33 4 5 48 60 24 74 78 49 37 49 40 3 98 37 81 76 31 37 83 87 48 83 61 3 65 80 85 43 11 60 43 40 19 63 25 69 92 93 50 13 87 55 15 8 75 8 97 24 15 16 47 14 57 75 31 46 45 21 44 1 54 7 94 81 59 61 38 1 14 76 97 11 45 84 17 96 43 27 18 33 26 79 31 2 32 22 61 37 28 29 51 4 41 6 49 83 81 80 
9 78 69 23 27 83 69 97 75 51 25 91 2 85 87 8 46 84 81 19 57 27 56 66 40 77 59 49 89 6 15 66 43 34 1 19 89 73 93 99 33 34 3 6 48 51 13 39 89 93 34 93 50 45 98 91 56 24 56 50 5 83 78 39 19 21 20 54 19 3 13 81 19 21 2 56 6 94 83 39 1 36 13 89 93 34 9 70 89 36 88 80 72 88 11 37 13 44 32 84 
95 76 11 95 53 70 2 81 26 1 41 7 54 82 24 93 85 12 10 11 43 11 91 5 53 35 42 77 44 23 96 8 23 98 98 40 71 12 72 94 21 39 22 100 56 95 69 68 21 61 93 16 25 14 81 65 35 90 77 45 42 72 94 72 53 29 84 94 79 63 27 11 62 33 3 85 85 71 89 27 63 38 59 68 59 52 72 71 79 16 7 8 47 15 43 1 13 58 70 47 
28 69 18 18 96 79 77 16 48 14 33 18 44 12 67 37 24 74 27 27 3 46 53 55 29 11 19 49 70 2 71 81 17 69 39 50 89 67 56 32 62 34 44 47 86 28 21 12 21 6 30 78 86 68 23 60 32 23 13 82 14 28 56 58 21 85 62 6 90 42 94 88 67 64 80 16 54 92 74 59 60 95 80 85 98 52 5 68 47 93 9 81 77 9 21 43 40 37 96 83 
28 83 37 100 54 10 50 93 27 85 62 6 78 94 19 23 56 90 73 14 7 58 85 73 62 94 80 51 81 85 75 38 29 9 2 30 28 22 86 1 99 100 58 44 77 61 73 1 4 61 36 59 6 81 46 81 6 9 87 12 56 93 63 71 56 11 75 79 86 89 28 36 98 100 57 66 84 89 30 13 16 31 88 52 50 9 75 10 71 81 78 70 10 19 93 38 78 9 35 17 
32 65 45 10 44 15 80 23 50 57 35 12 31 66 7 22 22 60 11 45 48 88 42 2 73 33 28 87 65 27 9 34 3 9 75 15 12 41 6 4 55 9 9 4 3 80 61 89 80 30 55 86 99 36 14 61 38 54 39 16 3 6 43 17 34 61 87 19 41 91 31 47 55 55 4 78 86 98 51 6 78 28 96 96 19 55 95 52 63 17 21 62 37 34 5 48 36 38 80 80 
50 45 48 66 41 2 69 45 33 55 67 19 13 33 68 86 16 25 97 17 96 62 28 8 39 96 9 36 7 56 91 87 93 47 54 17 32 5 49 19 32 11 86 58 95 84 23 19 30 29 8 67 30 53 28 22 100 61 68 62 66 74 41 32 28 8 79 72 89 44 9 12 60 95 75 53 39 80 43 35 64 21 94 15 78 14 92 16 52 88 66 60 9 69 100 94 19 54 50 33 
52 28 78 57 60 76 35 65 92 22 59 10 49 32 9 57 74 95 4 30 3 51 60 15 94 29 78 63 60 77 65 60 7 23 26 56 50 51 62 61 76 68 13 33 28 92 47 59 6 66 92 47 10 3 9 92 49 79 40 79 22 30 3 31 78 5 58 54 49 70 37 92 58 19 30 9 69 80 7 81 58 28 93 25 72 49 17 85 3 22 49 98 27 38 57 23 35 36 36 38 
39 74 35 13 45 27 26 95 100 98 90 19 98 54 33 58 45 61 16 95 49 17 33 87 50 30 89 22 40 69 29 58 36 67 67 21 10 29 36 46 70 71 13 81 72 59 41 64 85 98 62 30 23 70 70 36 40 8 11 53 5 73 84 75 3 9 40 18 31 6 66 99 41 74 61 74 34 84 81 94 18 72 60 32 15 58 12 4 68 32 95 38 90 91 22 37 78 31 49 98 
67 68 72 77 90 78 50 31 99 13 12 64 30 23 19 29 100 76 23 86 5 29 1 79 9 12 62 75 25 84 83 66 49 64 64 18 53 28 23 50 19 17 75 26 87 27 23 8 99 9 41 2 17 34 34 65 76 78 70 25 20 2 71 69 7 11 36 29 84 39 70 69 83 17 2 40 76 27 35 20 59 25 77 16 92 52 31 7 65 10 27 80 54 1 40 67 11 61 17 66 
40 24 73 61 49 70 50 97 72 88 17 6 65 1 25 76 85 42 61 92 3 59 29 59 61 90 4 19 41 78 51 37 96 45 72 47 91 93 61 46 34 79 89 46 71 68 4 84 97 32 60 66 82 89 12 9 77 25 77 95 89 51 1 35 76 82 63 51 79 97 46 59 19 79 95 35 57 81 28 85 70 57 86 44 100 74 91 23 18 65 13 17 73 26 76 87 20 37 15 63 
80 52 98 17 27 7 12 88 16 18 91 86 12 19 6 41 25 32 44 94 83 77 65 24 85 68 88 40 68 58 14 35 86 83 25 16 68 78 69 63 60 100 90 96 45 73 94 29 85 71 98 85 91 46 77 56 65 42 27 57 70 89 34 6 64 79 8 8 53 86 100 13 54 38 59 94 83 45 71 20 82 71 61 26 28 24 95 73 92 22 64 55 25 43 31 38 36 38 89 61 
17 5 22 63 72 4 41 21 26 62 56 74 33 88 61 40 32 94 3 89 9 28 85 54 41 4 59 96 79 28 79 39 53 28 31 10 84 31 76 96 85 19 52 31 30 78 25 90 99 68 91 42 63 83 39 58 21 50 18 35 51 81 94 20 87 14 31 51 62 28 17 59 35 65 49 68 37 52 73 51 8 2 40 76 85 98 19 59 76 4 23 25 47 9 13 27 70 76 81 33 
14 34 74 37 82 14 58 83 98 54 40 9 82 41 32 59 75 79 66 67 61 6 96 94 71 39 64 91 92 83 75 29 43 82 76 37 68 85 67 1 79 65 26 86 65 85 95 19 32 64 98 64 35 17 86 98 43 83 37 36 26 93 37 40 27 4 66 61 92 61 25 8 34 25 65 85 28 87 61 13 94 81 59 85 48 40 16 15 22 27 11 87 98 7 53 22 33 44 13 49 
60 78 42 7 91 94 26 65 99 69 53 8 12 31 6 18 55 72 47 70 61 48 23 11 76 51 17 35 44 13 58 49 56 36 31 1 72 24 32 39 18 64 3 1 43 97 4 37 48 77 77 72 82 49 46 72 93 85 4 21 22 51 76 1 48 39 55 2 25 65 9 95 16 87 86 55 73 82 60 59 21 87 58 91 79 33 1 22 82 26 80 7 89 35 69 62 2 54 16 61 
96 90 60 48 25 25 83 65 64 61 76 15 55 26 40 51 45 83 96 7 52 13 16 25 37 89 81 44 41 99 54 27 13 51 57 10 2 62 73 43 20 72 25 63 29 61 42 47 24 87 77 4 74 82 47 72 60 40 41 81 10 56 89 30 6 54 71 92 86 14 40 35 88 22 57 12 57 73 45 94 87 72 22 85 2 74 44 78 11 83 28 22 82 9 69 88 40 63 13 20 
83 4 15 59 76 20 27 80 50 63 9 95 38 71 45 97 16 68 14 14 88 81 62 48 78 4 54 36 84 30 8 90 64 54 40 67 99 39 49 70 1 69 23 36 35 16 33 77 88 30 28 12 42 87 19 10 17 37 26 93 1 43 96 40 99 99 50 37 49 97 73 77 98 24 68 9 47 47 6 86 76 4 68 23 7 89 74 3 89 67 17 32 60 8 47 43 13 39 94 85 
95 68 91 15 60 23 17 51 27 60 100 70 39 10 6 88 64 79 68 52 57 53 68 99 76 50 17 39 62 98 68 3 99 17 62 75 98 29 48 19 19 68 81 44 84 76 3 41 18 58 95 31 75 16 7 36 75 41 14 74 44 25 77 23 62 55 72 1 99 91 94 85 81 91 74 6 31 100 32 35 12 47 23 6 44 26 62 47 86 54 97 79 25 8 27 8 100 28 5 96 
44 3 9 52 38 73 28 71 6 23 33 94 56 41 31 98 82 12 88 75 50 39 100 66 94 19 36 63 34 23 53 49 37 68 62 3 60 21 99 28 57 40 87 90 86 78 77 81 22 6 24 8 66 28 78 52 47 83 70 75 12 4 38 95 73 6 59 71 64 71 59 33 2 28 14 42 51 38 91 92 38 96 78 20 51 59 80 7 87 71 12 77 58 68 73 88 17 76 85 29 
39 80 33 13 90 6 100 44 17 58 86 80 94 23 28 18 29 34 45 26 59 17 40 37 40 33 37 10 25 24 73 16 100 39 54 7 98 11 51 14 2 86 6 67 17 83 61 33 51 92 24 28 1 64 52 69 65 44 76 96 70 58 99 81 66 11 55 20 48 8 61 75 34 50 84 41 96 73 23 21 29 16 33 81 29 30 94 76 2 10 36 94 11 53 2 49 59 4 74 17 
47 17 21 50 34 53 41 78 6 48 7 3 2 59 16 46 37 4 28 11 29 58 15 39 78 68 27 20 34 54 91 26 61 74 37 93 27 95 97 75 57 10 52 12 28 94 51 52 30 62 20 67 98 25 41 62 80 100 94 88 29 44 84 78 98 8 85 40 69 23 15 26 68 20 83 88 94 98 67 98 79 13 50 90 37 59 77 15 45 58 95 84 42 42 19 67 36 48 85 81 
14 98 63 8 65 36 62 74 62 49 93 70 100 64 53 17 68 58 47 28 80 64 9 50 37 69 59 34 58 54 4 68 90 93 11 99 9 73 72 57 27 56 32 93 63 17 81 43 54 27 93 90 58 74 49 30 64 87 94 81 24 73 75 35 10 17 42 21 38 92 24 21 9 15 55 1 15 85 90 6 67 64 51 49 28 32 31 94 17 17 8 2 61 22 55 51 7 58 97 8 
46 13 88 29 69 80 27 40 43 37 54 2 88 67 56 44 54 41 68 79 9 75 57 48 83 88 97 1 87 58 36 94 81 49 49 36 48 72 50 87 48 66 4 25 23 69 71 61 74 68 89 61 75 43 85 9 32 68 48 80 20 6 37 34 68 73 90 14 30 5 41 99 55 82 90 31 54 97 38 7 88 61 82 49 95 54 55 28 46 15 81 22 41 63 3 42 60 99 98 15 
33 36 25 87 40 30 66 23 6 56 59 22 67 5 67 10 52 11 8 34 53 28 39 56 89 6 11 62 7 100 98 52 22 48 57 15 85 36 8 69 43 38 100 2 94 94 86 4 6 25 52 5 86 50 14 75 61 1 72 57 62 43 6 6 52 49 73 20 60 72 50 39 93 58 17 56 20 33 25 65 95 82 68 50 29 6 46 41 98 99 26 27 99 49 12 58 26 99 61 62 
29 52 46 70 87 10 14 84 54 58 57 87 64 33 49 24 81 54 51 10 92 59 59 51 64 84 88 48 94 67 55 99 77 49 59 51 34 50 15 86 74 92 10 51 17 8 54 62 51 69 67 87 19 90 37 53 50 69 21 57 58 6 62 82 67 40 74 43 19 13 75 84 63 14 66 66 92 58 99 37 78 45 35 95 99 30 83 93 95 18 65 15 19 56 8 80 20 73 34 11 
19 37 3 82 70 62 75 39 65 19 62 49 68 32 95 84 78 37 59 90 5 99 27 32 35 72 9 27 21 61 8 94 49 29 19 44 96 57 1 72 78 4 20 37 65 87 12 53 37 11 84 54 5 23 72 55 17 78 68 97 48 99 73 87 38 45 30 98 6 53 92 81 88 17 10 7 44 56 30 100 24 42 80 61 12 55 53 55 39 42 1 98 26 11 31 64 19 3 36 64 
68 10 75 41 45 92 12 4 27 80 43 3 13 83 33 41 32 52 74 29 79 84 80 3 12 16 45 6 54 13 57 12 9 95 71 55 97 63 59 86 30 30 98 18 89 43 85 97 86 23 64 36 84 97 8 87 93 21 3 73 77 39 87 37 7 9 45 52 13 49 74 43 22 54 23 4 53 10 52 46 59 19 88 53 60 4 16 13 22 40 6 90 65 83 73 69 98 32 71 5 
37 73 26 30 28 67 69 79 58 1 63 83 75 45 78 59 83 38 84 17 73 39 80 59 36 90 20 95 16 1 28 73 66 99 18 26 38 54 96 92 67 28 28 79 92 95 90 41 45 39 91 43 16 1 14 1 68 89 14 20 50 9 20 79 48 1 96 22 55 97 66 25 34 97 27 93 30 17 85 26 10 86 84 82 27 26 27 17 45 46 84 44 37 28 17 96 16 52 85 30 
62 36 72 21 15 32 30 15 16 96 38 41 14 48 77 52 18 39 47 80 28 51 73 65 66 62 28 73 33 38 45 21 12 50 86 34 2 16 31 34 63 72 64 93 69 64 76 89 89 44 36 44 51 27 47 9 21 20 93 78 73 100 60 83 49 57 38 5 75 69 22 29 64 73 82 79 9 43 21 80 11 87 16 87 41 64 20 88 36 15 3 69 21 97 47 6 46 52 14 65 
95 41 80 86 19 77 93 15 56 92 63 99 31 49 42 74 66 75 10 73 89 88 45 88 4 99 90 96 80 60 80 58 4 32 83 40 83 3 85 98 1 74 58 91 100 68 82 43 3 85 16 4 5 61 69 79 37 3 99 10 17 16 37 97 62 43 52 42 39 19 70 85 29 79 92 64 30 78 36 23 34 39 23 17 1 10 85 39 5 69 97 14 36 73 93 35 6 44 18 51 
99 82 34 1 51 28 28 14 76 83 70 69 70 32 29 97 39 63 78 82 63 90 28 70 65 30 63 71 30 71 10 50 26 99 25 73 71 7 76 72 35 44 82 28 93 72 100 61 20 26 59 35 63 78 94 48 56 92 98 72 98 52 74 90 84 13 57 88 78 12 92 81 83 3 88 27 30 65 49 59 89 34 28 64 7 84 12 59 73 49 33 29 72 46 16 53 11 19 40 71 
56 31 3 87 27 23 34 87 45 19 37 6 78 25 70 9 23 35 2 19 9 79 63 27 75 20 61 48 19 97 39 98 28 46 48 69 85 58 37 63 63 84 5 34 60 38 76 63 67 99 93 32 34 84 41 54 72 45 52 27 17 76 58 27 15 62 56 85 92 46 48 3 16 6 24 74 42 40 86 63 51 79 64 1 57 44 9 21 78 16 61 25 61 23 40 53 33 56 43 42 
29 28 35 43 12 16 78 56 72 72 58 8 95 25 96 65 19 96 43 14 91 99 32 28 27 52 5 93 1 60 30 100 81 90 2 17 30 34 63 45 78 32 63 10 4 74 64 57 17 43 34 76 53 3 47 64 10 62 5 93 83 61 94 91 12 34 23 98 44 6 20 90 29 63 2 57 69 19 40 94 38 84 81 100 32 77 18 24 49 1 4 60 53 27 41 65 78 68 8 59 
66 65 84 5 21 88 54 14 94 95 36 84 33 67 24 60 26 31 99 98 72 53 85 20 86 65 100 70 48 28 89 64 18 10 67 74 86 53 42 40 49 97 57 60 8 75 91 64 5 83 34 45 78 47 86 100 68 94 48 46 67 20 32 80 28 19 59 80 33 7 29 33 49 19 87 48 40 29 72 26 60 28 16 84 27 98 50 38 40 50 58 47 30 87 77 19 49 81 56 59 
8 95 37 100 52 21 5 44 20 18 23 68 94 40 85 14 70 67 13 11 59 13 68 90 93 4 2 97 10 58 18 79 78 91 90 54 88 19 9 32 24 58 89 49 26 88 38 51 93 49 5 95 91 62 80 32 99 97 7 27 78 64 40 47 44 41 85 31 11 97 86 12 2 71 55 15 24 87 73 97 97 85 88 49 24 49 86 62 33 86 32 32 62 81 65 35 78 39 84 39 
77 51 93 70 96 90 24 73 67 65 56 34 91 100 6 20 6 7 9 28 7 51 90 80 30 86 4 37 85 30 37 23 44 55 63 54 86 93 11 96 23 65 8 37 21 63 73 78 12 70 79 85 59 30 34 53 55 14 95 46 87 32 21 64 1 48 47 92 52 55 77 46 63 61 28 18 14 78 75 68 33 35 31 66 87 33 42 33 87 43 80 61 37 85 16 97 19 50 70 23 
73 35 73 27 89 9 27 95 57 92 4 2 89 35 25 82 3 89 32 16 47 99 8 14 53 28 91 58 27 6 14 62 40 73 18 63 97 18 99 80 90 34 16 57 70 39 94 47 13 13 99 50 50 94 63 26 80 98 31 51 18 46 32 80 100 31 98 94 56 41 9 97 36 80 8 13 1 87 20 19 23 98 80 3 48 85 22 87 80 53 75 46 70 80 82 20 26 40 96 8 
21 7 12 25 46 33 30 10 30 38 25 83 69 37 37 43 4 53 28 56 37 24 91 98 4 9 82 30 4 87 36 89 62 57 92 65 75 45 16 28 44 46 97 41 70 62 77 64 86 20 96 98 1 87 65 89 59 70 2 23 59 19 62 93 24 22 27 31 78 44 35 97 6 70 39 39 13 16 83 12 88 76 43 31 41 68 24 5 90 97 70 65 89 74 41 52 9 17 84 66 
39 5 80 28 23 94 38 14 53 46 82 59 74 42 39 9 38 60 77 23 1 15 7 83 39 35 81 97 90 66 33 87 14 32 72 73 34 85 63 69 46 18 32 85 53 52 86 27 95 80 89 37 96 52 87 4 91 15 91 12 35 43 86 49 9 69 90 3 25 70 90 67 3 67 32 96 71 65 25 49 71 39 69 100 51 82 23 11 80 60 48 10 73 47 66 36 78 45 31 20 
66 35 45 61 72 58 64 60 35 96 61 60 45 43 95 96 23 88 74 34 41 81 2 30 73 99 99 83 46 27 88 89 80 59 82 34 41 86 53 73 55 77 17 52 1 19 55 33 72 56 85 57 74 8 2 71 56 63 27 13 60 13 60 91 28 61 75 78 69 89 58 45 17 39 13 22 40 63 15 63 15 86 41 52 36 75 43 36 24 91 49 4 59 40 83 10 28 82 42 89 
42 96 81 19 81 24 72 4 17 16 18 29 3 33 57 46 62 21 45 11 21 96 91 86 78 27 84 41 89 87 94 94 52 93 8 1 97 16 45 25 100 63 100 35 24 77 82 1 2 28 51 69 16 51 93 51 67 32 68 19 83 89 7 93 2 15 72 34 54 4 65 80 61 57 33 37 28 8 41 27 94 67 55 91 11 4 29 99 44 41 19 80 27 10 17 39 38 69 40 77 
49 61 29 41 82 70 97 69 79 43 90 16 56 88 50 22 73 32 43 6 67 81 35 39 3 48 45 31 2 73 25 29 87 57 99 83 95 67 74 83 35 67 100 5 1 21 5 44 96 7 20 11 33 54 87 3 94 90 44 39 14 28 25 57 94 92 30 41 43 6 66 22 47 98 72 61 80 9 63 80 81 95 76 39 1 6 93 100 51 34 68 53 75 8 89 68 72 56 24 88 
65 64 37 14 88 77 68 89 52 64 72 17 44 80 70 37 43 5 34 38 80 43 75 54 100 81 98 95 62 9 12 39 9 82 90 91 2 84 69 72 77 45 30 61 51 5 51 45 17 63 78 86 61 22 46 15 71 51 85 10 45 97 52 81 67 47 51 37 87 77 65 27 29 69 61 9 78 47 22 86 66 63 43 82 83 26 31 21 17 28 69 61 59 78 61 28 38 85 97 54 
89 60 64 95 44 37 20 54 88 14 28 84 40 32 74 68 8 79 24 20 21 20 19 43 49 88 70 100 14 90 94 61 38 71 21 49 85 94 13 12 48 65 77 6 49 17 53 45 68 35 62 95 50 53 43 77 34 23 99 25 89 70 71 11 91 95 4 31 34 6 52 66 54 58 79 26 34 8 27 53 69 50 40 60 8 11 99 33 3 45 61 74 100 27 11 37 16 12 79 9 
14 69 27 53 96 20 9 22 66 67 70 86 40 90 69 88 17 10 34 60 39 21 94 9 83 50 71 23 92 54 15 70 24 41 7 56 35 45 4 88 69 93 59 18 90 52 37 53 25 87 49 59 64 76 13 67 65 47 28 97 34 1 22 23 15 93 69 36 17 16 76 78 74 13 86 61 3 27 17 9 32 19 81 63 5 86 86 61 71 88 45 54 48 92 13 39 76 94 45 79 
4 47 51 74 87 86 86 52 52 65 80 84 48 69 25 57 96 77 40 15 63 85 67 98 4 71 83 11 58 17 96 77 32 63 41 76 89 49 95 55 32 90 50 7 71 50 62 14 95 65 92 9 100 87 42 12 45 45 25 37 10 68 19 25 92 88 28 20 65 73 33 99 36 20 72 52 95 25 32 59 33 17 96 69 27 9 64 58 5 80 61 36 50 42 64 51 46 72 86 17 
45 52 7 30 33 22 9 12 37 19 12 58 81 27 29 63 80 79 37 90 71 16 2 78 60 6 92 64 49 37 18 27 84 17 47 97 91 91 68 1 97 66 38 32 48 35 89 36 32 13 81 2 50 4 36 48 100 2 46 30 19 44 25 43 59 71 61 60 11 52 44 72 30 76 36 95 1 52 26 59 45 18 38 2 78 73 35 31 51 83 54 78 11 97 96 12 94 52 17 19 
95 87 95 69 61 30 90 21 13 26 97 16 65 10 25 100 47 23 89 22 85 63 50 22 30 59 24 77 4 19 48 76 35 89 34 97 6 97 27 27 31 23 42 100 24 70 3 31 52 34 69 63 55 100 33 12 64 99 47 40 77 68 87 13 26 41 61 23 35 77 32 91 72 35 88 48 86 16 64 4 72 15 11 100 15 5 32 13 42 67 13 61 66 65 20 4 6 13 99 97 
47 72 82 90 46 16 79 93 2 2 59 65 71 60 23 74 61 69 16 6 15 88 76 67 17 9 72 43 23 100 76 1 77 78 15 63 99 43 29 45 98 47 38 97 27 46 24 28 99 20 13 10 67 82 5 1 14 22 8 6 20 63 17 25 26 1 14 1 87 93 99 94 88 76 17 38 79 43 1 44 40 7 63 40 50 15 30 83 60 57 72 30 55 17 67 57 16 6 20 59 
70 62 5 40 9 6 78 26 11 59 95 3 12 100 93 77 35 68 7 6 66 38 38 21 34 28 40 16 71 79 71 96 31 90 41 47 81 36 84 70 46 1 10 70 10 26 18 74 5 32 8 51 85 24 93 91 83 43 90 94 21 25 66 39 24 25 36 23 99 77 24 45 82 68 50 8 58 23 67 80 56 32 39 28 52 91 45 8 32 40 9 31 33 87 51 72 47 7 33 23 
37 99 83 10 36 65 76 8 4 23 33 90 33 74 80 45 67 48 56 83 31 12 49 11 66 86 32 47 33 74 90 82 88 10 35 58 26 44 93 55 37 53 45 24 87 15 50 100 83 73 92 79 91 64 70 90 50 89 16 26 72 1 12 63 28 50 65 77 71 70 57 12 31 71 76 27 61 60 2 96 42 76 15 41 47 40 11 40 94 9 70 43 61 53 100 44 97 19 9 56 
19 10 16 27 12 21 60 95 97 83 33 83 14 84 81 51 47 84 89 23 12 15 11 96 70 75 35 17 15 27 27 97 99 48 63 75 48 12 50 29 67 74 31 27 75 58 76 17 69 9 21 89 84 81 20 54 39 98 78 18 17 66 96 61 96 29 23 14 71 24 89 4 34 13 38 1 8 24 73 76 58 2 70 100 30 54 76 3 100 71 100 85 12 14 27 44 58 17 65 72 
18 41 11 80 36 62 41 100 24 39 9 27 92 57 18 79 18 45 24 6 21 27 34 32 73 55 15 64 15 95 36 59 97 8 68 21 90 90 90 86 9 79 99 88 73 22 66 81 95 48 62 92 80 58 57 58 47 32 1 87 41 71 19 100 83 6 79 50 31 20 39 51 4 49 62 82 36 77 51 90 43 87 49 69 57 31 88 75 91 22 70 67 22 25 20 96 31 65 6 21 
66 96 8 13 99 19 81 41 95 41 99 49 54 79 49 67 57 21 24 61 34 31 73 21 65 71 75 13 24 89 55 28 59 85 79 30 57 91 82 40 5 97 93 98 40 31 92 97 54 67 87 39 64 25 65 21 18 48 90 90 37 19 100 23 39 96 12 46 68 81 44 52 51 44 74 56 63 58 62 40 66 58 7 86 36 76 80 15 31 36 95 73 31 5 38 71 32 26 81 50 
15 34 27 35 60 78 60 15 88 27 6 67 44 44 22 57 13 38 19 72 23 96 34 78 70 20 56 28 24 34 47 76 79 63 32 37 49 91 94 62 64 23 81 67 1 65 11 42 27 43 78 52 94 35 69 79 64 86 40 39 38 35 43 16 63 5 81 28 80 2 21 32 30 43 8 22 49 17 42 46 60 34 83 98 44 96 22 13 39 33 96 66 46 22 94 63 35 16 25 57 
54 8 77 75 44 20 65 87 78 28 56 90 64 6 65 63 30 74 30 19 24 76 2 38 2 15 57 77 9 76 72 39 27 63 20 58 39 56 97 10 46 76 68 45 88 85 53 48 39 58 29 98 75 27 81 29 100 30 87 76 41 32 52 56 47 79 70 89 2 1 59 67 2 14 96 85 48 28 92 76 94 91 68 100 13 20 8 58 55 76 28 56 50 56 88 95 17 56 87 62 
82 40 73 27 33 38 13 61 8 46 89 85 81 68 43 33 95 70 25 16 18 76 30 31 73 36 11 2 90 34 66 32 15 13 18 40 32 62 31 15 93 54 82 51 96 43 52 98 5 54 2 18 99 18 87 99 33 84 87 65 79 71 57 13 87 59 45 52 96 37 96 2 26 48 31 29 28 78 86 52 70 16 6 76 36 19 8 36 42 76 79 25 97 44 18 100 5 85 14 44 
45 74 24 47 89 100 42 26 58 99 36 91 7 98 4 3 70 29 5 12 23 16 22 4 25 81 83 18 10 58 56 94 72 14 53 24 7 87 8 93 85 95 27 64 87 96 89 41 59 48 9 30 61 16 34 63 96 8 59 98 2 24 61 68 7 3 19 60 66 41 81 49 83 28 82 5 28 43 26 7 8 73 13 100 72 18 48 90 14 32 52 69 97 51 91 30 17 9 61 67 
42 19 62 25 72 75 100 96 16 10 34 74 27 72 35 23 8 22 65 100 93 43 10 87 10 1 21 87 30 48 51 92 66 8 26 29 22 93 74 51 43 44 83 70 18 77 14 13 77 55 41 71 19 38 1 77 54 15 97 46 72 49 46 100 11 46 60 50 85 11 17 30 78 16 19 6 79 11 19 37 95 56 90 3 43 78 3 15 76 43 28 6 45 39 67 76 3 73 37 69 
38 40 30 69 58 11 16 25 39 28 99 81 54 86 16 98 91 66 34 16 9 78 96 74 23 44 2 58 54 6 7 10 68 22 84 47 7 24 51 79 19 89 41 45 30 67 72 69 10 44 93 66 52 28 97 99 67 33 38 85 29 41 20 8 71 88 25 65 77 99 2 31 10 58 66 56 98 46 39 71 25 29 36 63 78 9 2 39 75 70 9 84 29 70 67 5 76 50 18 64 
18 80 80 81 85 22 43 15 87 79 35 62 35 61 73 96 60 67 46 50 54 2 79 69 3 41 49 66 4 19 98 55 68 97 72 18 31 38 31 56 51 45 44 79 25 80 90 38 32 14 38 97 13 65 44 72 85 26 74 31 39 43 62 81 73 66 21 95 9 7 45 48 68 84 76 53 4 32 93 75 63 3 4 95 83 23 59 97 54 20 74 78 31 72 73 3 27 22 26 29 
34 68 46 2 66 55 48 37 72 96 88 47 65 18 47 73 66 21 97 2 23 71 50 24 27 50 1 12 44 80 65 32 87 20 60 20 69 31 87 64 9 34 72 27 23 96 35 61 4 72 21 98 48 26 42 41 19 30 75 62 45 7 49 58 46 68 15 59 74 2 68 31 88 73 55 18 53 65 14 4 77 67 92 85 64 6 21 1 22 12 76 34 81 36 94 78 44 96 11 23 
48 19 65 5 16 6 14 73 75 17 47 5 17 9 96 1 50 6 11 49 76 12 42 18 73 92 25 89 55 65 9 79 51 53 36 56 100 17 58 47 25 100 76 81 65 69 96 3 11 21 31 96 75 50 3 25 77 50 99 29 98 29 46 2 87 84 29 16 32 41 28 68 83 37 10 59 30 74 16 75 95 93 65 38 15 66 43 25 85 15 57 41 75 89 80 38 78 12 13 58 
9 33 22 35 28 67 40 86 93 14 39 51 22 88 57 5 77 58 84 3 34 29 96 36 25 57 53 100 62 94 37 8 68 78 37 44 16 17 74 69 24 75 37 73 51 96 30 25 23 53 95 50 51 2 76 5 12 60 81 80 15 6 9 74 54 15 49 31 89 93 100 37 32 2 27 71 65 53 29 25 26 92 27 69 26 67 39 41 29 56 75 97 4 33 2 4 6 90 100 49 
5 1 79 32 27 79 47 67 83 93 91 47 22 47 75 12 95 60 63 89 33 82 76 57 59 79 92 71 76 37 31 68 88 85 50 23 28 40 60 2 95 23 40 95 86 62 58 44 68 30 37 24 2 27 28 50 69 2 5 78 65 77 23 91 14 4 76 42 71 3 84 94 23 21 5 5 36 16 37 23 64 65 61 52 23 28 61 66 13 80 9 91 88 47 69 11 14 16 1 51 
66 29 45 14 11 61 66 37 58 19 40 15 82 51 71 37 95 90 15 35 1 97 13 97 65 54 75 75 3 4 42 27 60 4 54 94 31 65 20 1 60 21 30 27 93 53 90 51 62 36 75 96 53 56 2 87 35 52 81 90 38 17 97 81 37 53 14 51 25 74 78 95 46 54 86 71 58 18 6 50 78 74 42 86 97 12 94 62 95 45 7 43 94 35 90 92 38 70 45 49 
62 50 85 81 22 99 12 45 70 11 68 77 81 97 19 62 92 40 19 67 64 14 27 48 75 67 28 72 5 77 39 71 28 3 61 77 19 77 75 47 24 65 12 87 10 5 33 37 76 19 30 47 75 70 65 20 39 70 93 56 53 11 40 28 35 33 73 76 49 61 63 10 5 68 18 99 32 48 70 52 43 44 32 31 87 35 18 74 54 87 51 17 67 30 45 87 56 15 28 95 
79 18 70 61 11 64 75 71 4 100 47 62 39 66 38 39 27 39 5 48 81 21 93 99 21 49 37 25 92 90 92 41 34 77 5 10 92 87 91 3 54 57 97 61 89 49 54 16 50 53 36 51 76 26 99 87 25 99 32 8 53 94 35 8 26 13 30 58 17 15 13 62 91 57 91 16 42 64 81 85 35 40 12 33 23 24 21 94 95 9 63 98 72 9 100 96 1 69 16 33 
73 51 80 33 37 23 76 38 48 95 53 33 93 31 46 89 87 53 2 73 48 18 81 79 39 32 97 57 23 92 29 49 73 33 95 97 87 42 40 73 55 80 87 21 14 30 11 79 94 31 9 57 27 8 87 14 67 81 23 66 71 1 42 98 9 60 31 31 89 56 7 21 35 71 69 11 22 44 12 75 40 51 99 22 41 63 81 22 75 16 6 12 65 76 69 52 11 47 53 33 
56 85 49 73 31 24 61 25 75 29 85 35 14 100 7 78 39 51 42 84 98 90 72 24 25 72 21 5 44 14 67 77 99 75 29 82 32 9 28 32 70 75 17 2 60 1 57 81 5 36 34 74 27 23 42 10 40 63 96 31 25 82 99 86 81 67 68 55 72 45 2 50 90 5 94 29 56 86 1 72 81 13 33 10 70 2 52 31 74 3 88 70 66 11 95 33 6 97 35 66 
52 68 57 80 65 4 73 23 14 81 83 38 8 62 78 35 36 8 94 93 95 19 19 40 41 54 42 71 24 13 62 3 92 14 21 65 60 69 83 18 17 33 26 9 2 37 56 21 48 60 86 73 23 27 2 69 78 35 26 80 64 26 88 31 2 33 4 73 93 94 40 78 71 49 43 61 47 74 99 99 79 96 70 54 7 71 21 61 81 59 1 46 94 80 22 85 84 24 55 100 
75 64 3 16 83 63 80 63 16 22 17 13 14 69 26 6 33 86 50 76 64 43 93 61 4 46 37 88 54 99 47 8 69 90 40 45 70 36 75 38 18 8 49 1 36 72 18 72 43 95 77 46 28 67 23 49 14 48 83 91 88 72 81 81 85 56 28 47 89 67 45 49 65 14 42 95 37 90 66 95 93 16 72 5 48 61 60 19 6 7 31 44 4 66 16 5 95 1 75 76 
88 41 5 19 75 91 57 56 57 71 37 57 27 8 68 55 93 7 96 39 84 13 39 80 53 56 32 77 66 22 65 78 91 96 98 64 85 93 95 25 40 31 65 55 80 36 72 49 67 72 45 40 58 23 40 41 46 26 5 39 33 99 37 39 1 16 65 59 2 34 52 1 26 71 96 89 6 59 100 1 79 63 68 38 49 78 60 14 3 60 17 34 81 48 75 61 30 50 28 26 
72 72 95 50 60 36 57 90 28 47 35 24 34 8 28 92 26 56 61 99 28 54 87 88 65 1 33 57 54 57 6 52 76 19 71 31 28 80 49 57 18 19 16 88 49 61 59 73 62 38 5 1 6 51 30 19 48 9 85 76 95 72 51 19 49 77 30 51 20 76 68 35 93 13 43 7 100 37 74 70 18 9 44 50 27 5 34 70 63 68 92 51 24 100 14 78 31 94 81 45 
14 31 48 4 52 70 14 50 87 61 81 13 51 77 39 38 35 65 71 63 7 70 4 70 93 35 29 30 31 48 72 80 90 41 31 100 17 57 87 75 27 57 43 28 49 19 100 89 5 93 27 85 52 88 82 77 87 4 27 42 27 60 90 84 65 66 61 62 20 100 61 94 71 48 48 11 87 55 50 48 38 98 58 96 85 69 43 95 8 34 79 88 88 22 94 1 55 29 4 1 
96 53 88 52 47 89 10 28 10 43 20 4 85 94 75 57 74 72 32 72 80 48 50 11 14 63 65 71 61 37 90 96 17 88 9 42 30 22 96 46 44 1 62 23 100 97 46 92 59 12 24 55 75 79 96 11 14 27 86 33 80 36 84 12 43 11 11 41 32 60 76 77 28 53 92 23 9 28 31 70 60 44 40 89 73 18 70 60 96 86 46 55 43 84 80 46 93 99 12 68 
18 89 98 62 72 1 53 63 11 54 39 9 24 61 100 40 40 80 63 41 91 72 68 88 75 49 20 98 56 72 76 72 55 1 89 67 38 22 12 56 4 51 6 13 87 28 92 42 31 99 70 10 99 37 64 47 82 36 40 64 11 74 40 42 72 50 79 11 54 90 69 17 30 90 8 27 61 27 70 71 25 45 72 87 56 37 10 13 62 36 36 58 82 97 81 39 60 34 54 17 
42 20 3 28 53 50 85 19 52 43 77 44 77 67 51 67 36 41 54 64 43 98 59 56 18 17 96 65 84 96 30 89 80 43 38 27 53 53 6 91 97 59 93 39 99 64 32 63 65 65 43 29 40 34 38 67 86 60 14 41 28 62 53 13 81 1 32 28 55 29 43 6 31 90 5 48 64 76 40 66 72 31 74 68 48 40 17 25 9 92 29 20 62 92 27 83 7 66 93 62 
75 3 83 52 74 33 7 46 38 3 92 34 57 52 78 75 49 44 34 13 10 35 65 22 37 63 59 50 96 93 21 45 94 3 59 18 48 46 19 90 34 50 9 9 90 39 17 8 48 87 5 7 93 7 53 99 99 74 43 5 26 85 77 65 59 4 5 6 15 49 39 44 93 94 53 52 27 37 18 44 38 17 51 43 45 88 49 15 34 78 51 71 96 92 67 8 4 84 37 63 
41 53 12 26 88 77 92 8 58 83 27 59 83 16 37 16 59 8 61 58 35 37 66 37 31 36 67 90 1 17 63 37 88 13 27 79 56 25 86 96 81 93 80 29 31 49 47 97 93 68 16 78 96 2 30 5 21 51 55 31 33 78 13 58 26 7 42 74 51 94 99 22 92 65 17 64 49 39 71 82 40 72 40 45 27 23 16 70 77 60 86 43 93 87 95 52 73 35 30 28 
26 33 42 17 10 18 3 58 88 68 30 55 35 99 70 37 100 75 35 17 13 69 75 48 9 69 78 66 62 51 51 56 36 83 30 2 22 52 84 73 66 98 17 93 80 91 88 48 12 17 57 48 54 89 19 23 92 38 98 30 27 14 49 41 72 92 75 75 53 26 68 38 79 26 70 74 95 68 82 27 83 71 60 36 74 83 36 60 9 14 91 38 21 65 76 37 11 58 95 28 
61 75 24 85 39 54 61 34 98 70 29 35 71 32 13 100 49 38 30 65 83 59 46 56 50 33 38 85 2 2 53 82 61 36 14 97 38 92 20 29 6 18 6 33 14 94 66 6 41 61 83 69 19 35 93 55 46 58 68 68 65 56 24 53 67 15 45 90 30 79 74 31 58 10 27 92 99 6 87 92 9 98 74 75 47 97 4 65 49 47 22 78 25 85 76 40 65 64 51 20 
42 37 24 52 74 35 98 29 54 59 1 21 40 86 15 23 4 2 26 64 25 53 5 21 70 29 89 40 9 95 90 6 16 44 31 87 28 8 5 65 67 86 74 57 10 22 19 78 26 48 42 79 6 75 12 35 22 72 88 84 40 13 78 93 65 32 40 80 49 43 26 17 26 94 10 67 64 56 94 55 74 33 46 24 51 87 9 38 52 36 13 5 34 72 42 22 62 13 24 25 
51 38 59 1 89 23 77 45 25 19 55 52 85 46 56 54 41 90 21 5 4 95 98 21 71 64 98 44 51 31 52 84 84 93 90 74 76 22 57 65 29 65 67 25 44 78 40 46 89 91 62 64 53 27 92 56 32 24 51 39 82 32 82 31 9 48 72 89 87 61 23 56 82 45 12 72 84 57 77 12 82 8 79 16 85 75 91 72 20 66 31 80 76 67 85 21 3 52 38 85 
